-1740830945
-1740824945
-1740814945
-1740804945
-1740794945
-1740784945
-1740774945
-1740764945
-1740754945
-1740743945
-1740734945
-1740724945
-1740714945
-1740704945
-1740694945
-1740684945
-1740674945
-1740664945
-1740654945
-1740644945
-1740634945
-1740624945
-1740613945
-1740603945
-1740593945
-1740583945
-1740573945
-1740563945
-1740553945
-1740543945
-1740533945
-1740523945
-1740513945
-1740503945
-1740494945
-1740484945
-1740474945
-1740464945
-1740454945
-1740444945
-1740434945
-1740424945
-1740414945
-1740404945
-1740394945
-1740384945
-1740374945
-1740364945
-1740354945
-1740344945
-1740334945
-1740324945
-1740314945
-1740304945
-1740294945
-1740284945
-1740274945
-1740264945
-1740254945
-1740244945
-1740234945
-1740224945
-1740214945
-1740204945
-1740194945
-1740184945
-1740174945
-1740164945
-1740154945
-1740144945
-1740134945
-1740124945
-1740114945
-1740104945
-1740094945
-1740084945
-1740074945
-1740064945
-1740054945
-1740044945
-1740034945
-1740024945
-1740014945
-1740004945
-1739993945
-1739983945
-1739973945
-1739963945
-1739953945
-1739943945
-1739933945
-1739923945
-1739913945
-1739903945
-1739893945
-1739883945
-1739873945
-1739864945
-1739854945
-1739844945
-1739834945
-1739824945
-1739814945
-1739804945
-1739794945
-1739784945
-1739774945
-1739764945
-1739754945
-1739743945
-1739734945
-1739724945
-1739714945
-1739704945
-1739694945
-1739684945
-1739674945
-1739664945
-1739654945
-1739644945
-1739634945
-1739624945
-1739613945
-1739603945
-1739593945
-1739583945
-1739573945
-1739563945
-1739553945
-1739543945
-1739533945
-1739523945
-1739513945
-1739503945
-1739494945
-1739484945
-1739474945
-1739464945
-1739454945
-1739444945
-1739434945
-1739424945
-1739414945
-1739404945
-1739394945
-1739384945
-1739374945
-1739364945
-1739354945
-1739344945
-1739334945
-1739324945
-1739314945
-1739304945
-1739294945
-1739284945
-1739274945
-1739264945
-1739254945
-1739244945
-1739234945
-1739224945
-1739214945
-1739204945
-1739194945
-1739184945
-1739174945
-1739164945
-1739154945
-1739144945
-1739134945
-1739124945
-1739114945
-1739104945
-1739094945
-1739084945
-1739074945
-1739064945
-1739054945
-1739044945
-1739034945
-1739024945
-1739014945
-1739004945
-1738993945
-1738983945
-1738973945
-1738963945
-1738953945
-1738943945
-1738933945
-1738923945
-1738913945
-1738903945
-1738893945
-1738883945
-1738873945
-1738864945
-1738854945
-1738844945
-1738834945
-1738824945
-1738814945
-1738804945
-1738794945
-1738784945
-1738774945
-1738764945
-1738754945
-1738743945
-1738734945
-1738724945
-1738714945
-1738704945
-1738694945
-1738684945
-1738674945
-1738664945
-1738654945
-1738644945
-1738634945
-1738624945
-1738613945
-1738603945
-1738593945
-1738583945
-1738573945
-1738563945
-1738553945
-1738543945
-1738533945
-1738523945
-1738513945
-1738503945
-1738494945
-1738484945
-1738474945
-1738464945
-1738454945
-1738444945
-1738434945
-1738424945
-1738414945
-1738404945
-1738394945
-1738384945
-1738374945
-1738364945
-1738354945
-1738344945
-1738334945
-1738324945
-1738314945
-1738304945
-1738294945
-1738284945
-1738274945
-1738264945
-1738254945
-1738244945
-1738234945
-1738224945
-1738214945
-1738204945
-1738194945
-1738184945
-1738174945
-1738164945
-1738154945
-1738144945
-1738134945
-1738124945
-1738114945
-1738104945
-1738094945
-1738084945
-1738074945
-1738064945
-1738054945
-1738044945
-1738034945
-1738024945
-1738014945
-1738004945
-1737993945
-1737983945
-1737973945
-1737963945
-1737953945
-1737943945
-1737933945
-1737923945
-1737913945
-1737903945
-1737893945
-1737883945
-1737873945
-1737864945
-1737854945
-1737844945
-1737834945
-1737824945
-1737814945
-1737804945
-1737794945
-1737784945
-1737774945
-1737764945
-1737754945
-1737743945
-1737734945
-1737724945
-1737714945
-1737704945
-1737694945
-1737684945
-1737674945
-1737664945
-1737654945
-1737644945
-1737634945
-1737624945
-1737613945
-1737603945
-1737593945
-1737583945
-1737573945
-1737563945
-1737553945
-1737543945
-1737533945
-1737523945
-1737513945
-1737503945
-1737494945
-1737484945
-1737474945
-1737464945
-1737454945
-1737444945
-1737434945
-1737424945
-1737414945
-1737404945
-1737394945
-1737384945
-1737374945
-1737364945
-1737354945
-1737344945
-1737334945
-1737324945
-1737314945
-1737304945
-1737294945
-1737284945
-1737274945
-1737264945
-1737254945
-1737244945
-1737234945
-1737224945
-1737214945
-1737204945
-1737194945
-1737184945
-1737174945
-1737164945
-1737154945
-1737144945
-1737134945
-1737124945
-1737114945
-1737104945
-1737094945
-1737084945
-1737074945
-1737064945
-1737054945
-1737044945
-1737034945
-1737024945
-1737014945
-1737004945
-1736993945
-1736983945
-1736973945
-1736963945
-1736953945
-1736943945
-1736933945
-1736923945
-1736913945
-1736903945
-1736893945
-1736883945
-1736873945
-1736864945
-1736854945
-1736844945
-1736834945
-1736824945
-1736814945
-1736804945
-1736794945
-1736784945
-1736774945
-1736764945
-1736754945
-1736743945
-1736734945
-1736724945
-1736714945
-1736704945
-1736694945
-1736684945
-1736674945
-1736664945
-1736654945
-1736644945
-1736634945
-1736624945
-1736613945
-1736603945
-1736593945
-1736583945
-1736573945
-1736563945
-1736553945
-1736543945
-1736533945
-1736523945
-1736513945
-1736503945
-1736494945
-1736484945
-1736474945
-1736464945
-1736454945
-1736444945
-1736434945
-1736424945
-1736414945
-1736404945
-1736394945
-1736384945
-1736374945
-1736364945
-1736354945
-1736344945
-1736334945
-1736324945
-1736314945
-1736304945
-1736294945
-1736284945
-1736274945
-1736264945
-1736254945
-1736244945
-1736234945
-1736224945
-1736214945
-1736204945
-1736194945
-1736184945
-1736174945
-1736164945
-1736154945
-1736144945
-1736134945
-1736124945
-1736114945
-1736104945
-1736094945
-1736084945
-1736074945
-1736064945
-1736054945
-1736044945
-1736034945
-1736024945
-1736014945
-1736004945
-1735993945
-1735983945
-1735973945
-1735963945
-1735953945
-1735943945
-1735933945
-1735923945
-1735913945
-1735903945
-1735893945
-1735883945
-1735873945
-1735864945
-1735854945
-1735844945

-1568049945
-1568019945
-1567989945
-1567959945
-1567929945
-1567899945
-1567869945
-1567839945
-1567809945
-1567779945
-1567749945
-1567719945
-1567689945
-1567659945
-1567629945
-1567599945
-1567569945
-1567539945
-1567509945
-1567479945
-1567449945
-1567419945
-1567389945
-1567359945
-1567329945
-1567299945
-1567269945
-1567239945
-1567209945
-1567179945
-1567149945
-1567119945
-1567089945
-1567059945
-1567029945
-1566999945
-1566969945
-1566939945
-1566909945
-1566879945
-1566849945
-1566819945
-1566789945
-1566759945
-1566729945
-1566699945
-1566669945
-1566639945
-1566609945
-1566579945
-1566549945
-1566519945
-1566489945
-1566459945
-1566429945
-1566399945
-1566369945
-1566339945
-1566309945
-1566279945
-1566249945
-1566219945
-1566189945
-1566159945
-1566129945
-1566099945
-1566069945
-1566039945
-1566009945
-1565979945
-1565949945
-1565919945
-1565889945
-1565859945
-1565829945
-1565799945
-1565769945
-1565739945
-1565709945
-1565679945
-1565649945
-1565619945
-1565589945
-1565559945
-1565529945
-1565499945
-1565469945
-1565439945
-1565409945
-1565379945
-1565349945
-1565319945
-1565289945
-1565259945
-1565229945
-1565199945
-1565169945
-1565139945
-1565109945
-1565079945
-1565049945
-1565019945
-1564989945
-1564959945
-1564929945
-1564899945
-1564869945
-1564839945
-1564809945
-1564779945
-1564749945
-1564719945
-1564689945
-1564659945
-1564629945
-1564599945
-1564569945
-1564539945
-1564509945
-1564479945
-1564449945
-1564419945
-1564389945
-1564359945
-1564329945
-1564299945
-1564269945
-1564239945
-1564209945
-1564179945
-1564149945
-1564119945
-1564089945
-1564059945
-1564029945
-1563999945
-1563969945
-1563939945
-1563909945
-1563879945
-1563849945
-1563819945
-1563789945
-1563759945
-1563729945
-1563699945
-1563669945
-1563639945
-1563609945
-1563579945
-1563549945
-1563519945
-1563489945
-1563459945
-1563429945
-1563399945
-1563369945
-1563339945
-1563309945
-1563279945
-1563249945
-1563219945
-1563189945
-1563159945
-1563129945
-1563099945
-1563069945
-1563039945
-1563009945
-1562979945
-1562949945
-1562919945
-1562889945
-1562859945
-1562829945
-1562799945
-1562769945
-1562739945
-1562709945
-1562679945
-1562649945
-1562619945
-1562589945
-1562559945
-1562529945
-1562499945
-1562469945
-1562439945
-1562409945
-1562379945
-1562349945
-1562319945
-1562289945
-1562259945
-1562229945
-1562199945
-1562169945
-1562139945
-1562109945
-1562079945
-1562049945
-1562019945
-1561989945
-1561959945
-1561929945
-1561899945
-1561869945
-1561839945
-1561809945
-1561779945
-1561749945
-1561719945
-1561689945
-1561659945
-1561629945
-1561599945
-1561569945
-1561539945
-1561509945
-1561479945
-1561449945
-1561419945
-1561389945
-1561359945
-1561329945
-1561299945
-1561269945
-1561239945
-1561209945
-1561179945
-1561149945
-1561119945
-1561089945
-1561059945
-1561029945
-1560999945
-1560969945
-1560939945
-1560909945
-1560879945
-1560849945
-1560819945
-1560789945
-1560759945
-1560729945
-1560699945
-1560669945
-1560639945
-1560609945
-1560579945
-1560549945
-1560519945
-1560489945
-1560459945
-1560429945
-1560399945
-1560369945
-1560339945
-1560309945
-1560279945
-1560249945
-1560219945
-1560189945
-1560159945
-1560129945
-1560099945
-1560069945
-1560039945
-1560009945
-1559979945
-1559949945
-1559919945
-1559889945
-1559859945
-1559829945
-1559799945
-1559769945
-1559739945
-1559709945
-1559679945
-1559649945
-1559619945
-1559589945
-1559559945
-1559529945
-1559499945
-1559469945
-1559439945
-1559409945
-1559379945
-1559349945
-1559319945
-1559289945
-1559259945
-1559229945
-1559199945
-1559169945
-1559139945
-1559109945
-1559079945
-1559049945
-1559019945
-1558989945
-1558959945
-1558929945
-1558899945
-1558869945
-1558839945
-1558809945
-1558779945
-1558749945
-1558719945
-1558689945
-1558659945
-1558629945
-1558599945
-1558569945
-1558539945
-1558509945
-1558479945
-1558449945
-1558419945
-1558389945
-1558359945
-1558329945
-1558299945
-1558269945
-1558239945
-1558209945
-1558179945
-1558149945
-1558119945
-1558089945
-1558059945
-1558029945
-1557999945
-1557969945
-1557939945
-1557909945
-1557879945
-1557849945
-1557819945
-1557789945
-1557759945
-1557729945
-1557699945
-1557669945
-1557639945
-1557609945
-1557579945
-1557549945
-1557519945
-1557489945
-1557459945
-1557429945
-1557399945
-1557369945
-1557339945
-1557309945
-1557279945
-1557249945
-1557219945
-1557189945
-1557159945
-1557129945
-1557099945
-1557069945
-1557039945
-1557009945
-1556979945
-1556949945
-1556919945
-1556889945
-1556859945
-1556829945
-1556799945
-1556769945
-1556739945
-1556709945
-1556679945
-1556649945
-1556619945
-1556589945
-1556559945
-1556529945
-1556499945
-1556469945
-1556439945
-1556409945
-1556379945
-1556349945
-1556319945
-1556289945
-1556259945
-1556229945
-1556199945
-1556169945
-1556139945
-1556109945
-1556079945
-1556049945
-1556019945
-1555989945
-1555959945
-1555929945
-1555899945
-1555869945
-1555839945
-1555809945
-1555779945
-1555749945
-1555719945
-1555689945
-1555659945
-1555629945
-1555599945
-1555569945
-1555539945
-1555509945
-1555479945
-1555449945
-1555419945
-1555389945
-1555359945
-1555329945
-1555299945
-1555269945
-1555239945
-1555209945
-1555179945
-1555149945
-1555119945
-1555089945
-1555059945
-1555029945
-1554999945
-1554969945
-1554939945
-1554909945
-1554879945
-1554849945
-1554819945
-1554789945
-1554759945
-1554729945
-1554699945
-1554669945
-1554639945
-1554609945
-1554579945
-1554549945
-1554519945
-1554489945
-1554459945
-1554429945
-1554399945
-1554369945
-1554339945
-1554309945
-1554279945
-1554249945
-1554219945
-1554189945
-1554159945
-1554129945
-1554099945
-1554069945
-1554039945
-1554009945
-1553979945
-1553949945
-1553919945
-1553889945
-1553859945
-1553829945
-1553799945
-1553769945
-1553739945
-1553709945
-1553678945
-1553649945
-1553619945
-1553589945
-1553559945
-1553529945
-1553499945
-1553469945
-1553439945
-1553409945
-1553379945
-1553349945
-1553319945
-1553289945
-1553259945
-1553229945
-1553199945
-1553169945
-1553139945
-1553109945
-1553079945

-1443444945
-1443394945
-1443344945
-1443294945
-1443244945
-1443194945
-1443144945
-1443094945
-1443044945
-1442994945
-1442944945
-1442894945
-1442844945
-1442794945
-1442744945
-1442694945
-1442644945
-1442594945
-1442544945
-1442494945
-1442444945
-1442394945
-1442344945
-1442294945
-1442244945
-1442194945
-1442144945
-1442094945
-1442044945
-1441994945
-1441944945
-1441894945
-1441844945
-1441794945
-1441744945
-1441694945
-1441644945
-1441594945
-1441544945
-1441494945
-1441444945
-1441394945
-1441344945
-1441294945
-1441244945
-1441194945
-1441144945
-1441094945
-1441044945
-1440994945
-1440944945
-1440894945
-1440844945
-1440794945
-1440744945
-1440694945
-1440644945
-1440594945
-1440544945
-1440494945
-1440444945
-1440394945
-1440344945
-1440294945
-1440244945
-1440194945
-1440138945
-1440094945
-1440044945
-1439994945
-1439944945
-1439894945
-1439844945
-1439794945
-1439744945
-1439694945
-1439644945
-1439594945
-1439544945
-1439494945
-1439444945
-1439394945
-1439344945
-1439294945
-1439244945
-1439194945
-1439144945
-1439094945
-1439044945
-1438994945
-1438944945
-1438894945
-1438844945
-1438794945
-1438744945
-1438694945
-1438644945
-1438594945
-1438544945
-1438494945
-1438444945
-1438394945
-1438344945
-1438294945
-1438244945
-1438194945
-1438144945
-1438094945
-1438044945
-1437994945
-1437944945
-1437894945
-1437844945
-1437794945
-1437744945
-1437694945
-1437644945
-1437594945
-1437540945
-1437494945
-1437444945
-1437394945
-1437344945
-1437294945
-1437244945
-1437194945
-1437144945
-1437094945
-1437044945
-1436994945
-1436944945
-1436894945
-1436844945
-1436794945
-1436744945
-1436694945
-1436644945
-1436594945
-1436538945
-1436494945
-1436444945
-1436394945
-1436344945
-1436294945
-1436244945
-1436194945
-1436144945
-1436094945
-1436044945
-1435994945
-1435944945
-1435894945
-1435844945
-1435794945
-1435744945
-1435694945
-1435644945
-1435594945
-1435544945
-1435494945
-1435444945
-1435394945
-1435344945
-1435294945
-1435244945
-1435194945
-1435144945
-1435094945
-1435044945
-1434994945
-1434944945
-1434894945
-1434844945
-1434794945
-1434744945
-1434694945
-1434644945
-1434594945
-1434544945
-1434494945
-1434444945
-1434394945
-1434344945
-1434294945
-1434244945
-1434194945
-1434144945
-1434094945
-1434044945
-1433994945
-1433944945
-1433894945
-1433844945
-1433794945
-1433744945
-1433694945
-1433644945
-1433594945
-1433544945
-1433494945
-1433444945
-1433393945
-1433344945
-1433294945
-1433244945
-1433194945
-1433144945
-1433094945
-1433044945
-1432994945
-1432944945
-1432894945
-1432844945
-1432794945
-1432744945
-1432694945
-1432644945
-1432594945
-1432544945
-1432494945
-1432444945
-1432394945
-1432344945
-1432294945
-1432244945
-1432194945
-1432144945
-1432094945
-1432044945
-1431994945
-1431939945
-1431894945
-1431844945
-1431794945
-1431735945
-1431694945
-1431644945
-1431594945
-1431544945
-1431494945
-1431444945
-1431394945
-1431344945
-1431294945
-1431244945
-1431194945
-1431144945
-1431094945
-1431044945
-1430994945
-1430944945
-1430894945
-1430844945
-1430794945
-1430738945
-1430694945
-1430644945
-1430594945
-1430544945
-1430494945
-1430444945
-1430394945
-1430344945
-1430294945
-1430244945
-1430194945
-1430144945
-1430094945
-1430044945
-1429994945
-1429944945
-1429894945
-1429844945
-1429794945
-1429744945
-1429694945
-1429644945
-1429594945
-1429544945
-1429494945
-1429444945
-1429394945
-1429344945
-1429290945
-1429244945
-1429194945
-1429144945
-1429094945
-1429044945
-1428994945
-1428944945
-1428894945
-1428844945
-1428794945
-1428744945
-1428694945
-1428644945
-1428594945
-1428544945
-1428494945
-1428444945
-1428394945
-1428336945
-1428294945
-1428244945
-1428194945
-1428144945
-1428094945
-1428044945
-1427994945
-1427944945
-1427894945
-1427844945
-1427794945
-1427744945
-1427694945
-1427644945
-1427594945
-1427544945
-1427494945
-1427444945
-1427394945
-1427344945
-1427294945
-1427244945
-1427194945
-1427144945
-1427094945
-1427044945
-1426994945
-1426944945
-1426894945
-1426844945
-1426794945
-1426744945
-1426694945
-1426644945
-1426594945
-1426544945
-1426494945
-1426444945
-1426394945
-1426344945
-1426294945
-1426244945
-1426194945
-1426144945
-1426094945
-1426044945
-1425994945
-1425944945
-1425894945
-1425844945
-1425794945
-1425744945
-1425694945
-1425644945
-1425594945
-1425544945
-1425494945
-1425444945
-1425394945
-1425344945
-1425294945
-1425244945
-1425194945
-1425143945
-1425094945
-1425044945
-1424994945
-1424944945
-1424894945
-1424844945
-1424794945
-1424744945
-1424694945
-1424644945
-1424583945
-1424544945
-1424494945
-1424444945
-1424394945
-1424344945
-1424294945
-1424244945
-1424194945
-1424144945
-1424094945
-1424044945
-1423994945
-1423944945
-1423894945
-1423844945
-1423794945
-1423744945
-1423694945
-1423644945
-1423594945
-1423544945
-1423494945
-1423444945
-1423394945
-1423344945
-1423294945
-1423244945
-1423194945
-1423144945
-1423094945
-1423044945
-1422994945
-1422944945
-1422894945
-1422844945
-1422794945
-1422744945
-1422694945
-1422644945
-1422594945
-1422544945
-1422494945
-1422444945
-1422394945
-1422344945
-1422294945
-1422244945
-1422194945
-1422144945
-1422094945
-1422044945
-1421994945
-1421944945
-1421894945
-1421844945
-1421794945
-1421744945
-1421694945
-1421644945
-1421594945
-1421544945
-1421494945
-1421444945
-1421394945
-1421342945
-1421294945
-1421244945
-1421194945
-1421144945
-1421094945
-1421044945
-1420994945
-1420944945
-1420894945
-1420844945
-1420794945
-1420744945
-1420694945
-1420644945
-1420594945
-1420544945
-1420494945
-1420444945
-1420394945
-1420344945
-1420294945
-1420236945
-1420194945
-1420144945
-1420094945
-1420044945
-1419994945
-1419936945
-1419894945
-1419844945
-1419794945
-1419744945
-1419694945
-1419644945
-1419594945
-1419544945
-1419494945
-1419444945
-1419394945
-1419335945
-1419294945
-1419244945
-1419194945
-1419144945
-1419094945
-1419044945
-1418994945
-1418944945
-1418894945
-1418844945
-1418794945
-1418744945
-1418694945
-1418644945
-1418594945
-1418544945
-1418494945
-1401547945
-1401447945
-1401347945
-1401247945
-1401147945
-1401047945
-1400947945
-1400847945
-1400747945
-1400647945
-1400547945
-1400447945
-1400347945
-1400247945
-1400147945
-1400047945

-1399947945
-1399847945
-1399747945
-1399647945
-1399547945
-1399447945
-1399347945
-1399247945
-1399147945
-1399047945
-1398947945
-1398847945
-1398747945
-1398647945
-1398547945
-1398447945
-1398347945
-1398247945
-1398147945
-1398047945
-1397947945
-1397847945
-1397747945
-1397647945
-1397547945
-1397447945
-1397347945
-1397247945
-1397147945
-1397047945
-1396947945
-1396847945
-1396747945
-1396647945
-1396547945
-1396447945
-1396347945
-1396247945
-1396147945
-1396047945
-1395947945
-1395847945
-1395747945
-1395647945
-1395547945
-1395447945
-1395347945
-1395247945
-1395147945
-1395047945
-1394947945
-1394847945
-1394747945
-1394647945
-1394547945
-1394447945
-1394347945
-1394247945
-1394147945
-1394047945
-1393947945
-1393847945
-1393747945
-1393647945
-1393547945
-1393447945
-1393347945
-1393247945
-1393147945
-1393047945
-1392947945
-1392847945
-1392747945
-1392647945
-1392547945
-1392447945
-1392347945
-1392247945
-1392147945
-1392047945
-1391947945
-1391847945
-1391747945
-1391647945
-1391547945
-1391447945
-1391347945
-1391247945
-1391147945
-1391047945
-1390947945
-1390847945
-1390747945
-1390647945
-1390547945
-1390447945
-1390347945
-1390247945
-1390147945
-1390047945
-1389947945
-1389847945
-1389747945
-1389647945
-1389547945
-1389447945
-1389347945
-1389247945
-1389147945
-1389047945
-1388947945
-1388847945
-1388747945
-1388647945
-1388547945
-1388447945
-1388347945
-1388247945
-1388147945
-1388047945
-1387947945
-1387847945
-1387747945
-1387647945
-1387547945
-1387447945
-1387347945
-1387247945
-1387147945
-1387047945
-1386947945
-1386847945
-1386747945
-1386647945
-1386547945
-1386447945
-1386347945
-1386247945
-1386147945
-1386047945
-1385947945
-1385847945
-1385747945
-1385647945
-1385547945
-1385447945
-1385347945
-1385247945
-1385147945
-1385047945
-1384947945
-1384847945
-1384746945
-1384647945
-1384547945
-1384447945
-1384347945
-1384247945
-1384147945
-1384047945
-1383947945
-1383847945
-1383747945
-1383647945
-1383547945
-1383447945
-1383347945
-1383247945
-1383147945
-1383047945
-1382947945
-1382847945
-1382747945
-1382647945
-1382547945
-1382447945
-1382347945
-1382247945
-1382147945
-1382047945
-1381947945
-1381847945
-1381747945
-1381647945
-1381547945
-1381447945
-1381347945
-1381247945
-1381147945
-1381047945
-1380947945
-1380847945
-1380747945
-1380647945
-1380547945
-1380447945
-1380347945
-1380247945
-1380147945
-1380047945
-1379947945
-1379847945
-1379747945
-1379647945
-1379547945
-1379447945
-1379347945
-1379247945
-1379147945
-1379047945
-1378947945
-1378847945
-1378747945
-1378647945
-1378547945
-1378447945
-1378347945
-1378247945
-1378147945
-1378047945
-1377947945
-1377847945
-1377747945
-1377647945
-1377547945
-1377447945
-1377347945
-1377247945
-1377147945
-1377047945
-1376947945
-1376847945
-1376747945
-1376647945
-1376547945
-1376447945
-1376347945
-1376247945
-1376147945
-1376047945
-1375947945
-1375847945
-1375747945
-1375647945
-1375547945
-1375447945
-1375347945
-1375247945
-1375147945
-1375047945
-1374947945
-1374847945
-1374747945
-1374647945
-1374547945
-1374447945
-1374347945
-1374247945
-1374147945
-1374047945
-1373947945
-1373847945
-1373747945
-1373647945
-1373547945
-1373447945
-1373347945
-1373247945
-1373147945
-1373047945
-1372947945
-1372847945
-1372747945
-1372647945
-1372547945
-1372447945
-1372347945
-1372247945
-1372147945
-1372047945
-1371947945
-1371847945
-1371747945
-1371647945
-1371547945
-1371447945
-1371347945
-1371247945
-1371147945
-1371047945
-1370947945
-1370847945
-1370747945
-1370647945
-1370547945
-1370447945
-1370347945
-1370247945
-1370147945
-1370047945
-1369947945
-1369847945
-1369747945
-1369647945
-1369547945
-1369447945
-1369347945
-1369246945
-1369147945
-1369047945
-1368947945
-1368847945
-1368747945
-1368647945
-1368547945
-1368447945
-1368347945
-1368247945
-1368147945
-1368047945
-1367947945
-1367847945
-1367747945
-1367647945
-1367547945
-1367447945
-1367347945
-1367247945
-1367147945
-1367047945
-1366947945
-1366847945
-1366747945
-1366647945
-1366547945
-1366447945
-1366347945
-1366247945
-1366147945
-1366047945
-1365947945
-1365847945
-1365747945
-1365647945
-1365547945
-1365447945
-1365347945
-1365247945
-1365147945
-1365047945
-1364947945
-1364847945
-1364747945
-1364647945
-1364547945
-1364447945
-1364347945
-1364247945
-1364147945
-1364047945
-1363947945
-1363847945
-1363747945
-1363647945
-1363547945
-1363447945
-1363347945
-1363247945
-1363147945
-1363047945
-1362947945
-1362847945
-1362746945
-1362647945
-1362547945
-1362447945
-1362347945
-1362247945
-1362147945
-1362047945
-1361947945
-1361847945
-1361747945
-1361647945
-1361547945
-1361447945
-1361347945
-1361247945
-1361147945
-1361047945
-1360947945
-1360847945
-1360747945
-1360646945
-1360547945
-1360447945
-1360347945
-1360247945
-1360147945
-1360047945
-1359947945
-1359847945
-1359747945
-1359647945
-1359547945
-1359447945
-1359347945
-1359247945
-1359147945
-1359047945
-1358947945
-1358847945
-1358747945
-1358647945
-1358547945
-1358447945
-1358347945
-1358247945
-1358147945
-1358047945
-1357947945
-1357847945
-1357747945
-1357647945
-1357547945
-1357447945
-1357347945
-1357247945
-1357147945
-1357047945
-1356947945
-1356847945
-1356747945
-1356647945
-1356547945
-1356447945
-1356347945
-1356247945
-1356147945
-1356047945
-1355947945
-1355847945
-1355747945
-1355647945
-1355547945
-1355447945
-1355347945
-1355247945
-1355147945
-1355047945
-1354947945
-1354847945
-1354747945
-1354641945
-1354547945
-1354447945
-1354347945
-1354247945
-1354147945
-1354047945
-1353947945
-1353847945
-1353747945
-1353647945
-1353547945
-1353447945
-1353347945
-1353246945
-1353147945
-1353047945
-1352947945
-1352847945
-1352747945
-1352647945
-1352547945
-1352447945
-1352347945
-1352247945
-1352147945
-1352047945
-1351947945
-1351847945
-1351747945
-1351647945
-1309976945
-1309776945
-1309576945
-1309376945
-1309176945
-1308976945
-1308776945
-1308576945
-1308376945
-1308176945
-1307976945
-1307776945
-1307576945
-1307376945
-1307176945
-1306976945
-1306776945
-1306576945
-1306376945
-1306176945
-1305976945
-1305776945
-1305576945
-1305376945
-1305176945
-1304976945
-1304776945
-1304576945
-1304376945
-1304176945
-1303976945
-1303776945
-1303576945
-1303376945
-1303176945
-1302976945
-1302776945
-1302576945
-1302376945
-1302176945
-1301976945
-1301776945
-1301576945
-1301376945
-1301176945
-1300976945
-1300776945
-1300576945
-1300376945
-1300176945

-1299976945
-1299776945
-1299576945
-1299376945
-1299176945
-1298976945
-1298776945
-1298576945
-1298376945
-1298176945
-1297976945
-1297776945
-1297576945
-1297376945
-1297176945
-1296976945
-1296776945
-1296576945
-1296376945
-1296176945
-1295976945
-1295776945
-1295576945
-1295376945
-1295176945
-1294976945
-1294776945
-1294576945
-1294376945
-1294176945
-1293976945
-1293776945
-1293576945
-1293376945
-1293176945
-1292976945
-1292776945
-1292576945
-1292376945
-1292176945
-1291976945
-1291776945
-1291576945
-1291376945
-1291176945
-1290976945
-1290776945
-1290573945
-1290376945
-1290176945
-1289976945
-1289776945
-1289576945
-1289376945
-1289176945
-1288976945
-1288776945
-1288576945
-1288376945
-1288176945
-1287976945
-1287776945
-1287576945
-1287376945
-1287176945
-1286976945
-1286776945
-1286576945
-1286376945
-1286176945
-1285976945
-1285776945
-1285576945
-1285376945
-1285176945
-1284976945
-1284776945
-1284576945
-1284376945
-1284176945
-1283976945
-1283776945
-1283576945
-1283376945
-1283176945
-1282976945
-1282776945
-1282576945
-1282376945
-1282176945
-1281976945
-1281776945
-1281576945
-1281376945
-1281176945
-1280976945
-1280776945
-1280576945
-1280376945
-1280176945
-1279976945
-1279776945
-1279576945
-1279376945
-1279176945
-1278976945
-1278776945
-1278576945
-1278376945
-1278176945
-1277976945
-1277775945
-1277576945
-1277376945
-1277176945
-1276976945
-1276776945
-1276576945
-1276376945
-1276176945
-1275976945
-1275776945
-1275576945
-1275376945
-1275176945
-1274976945
-1274776945
-1274576945
-1274376945
-1274176945
-1273976945
-1273776945
-1273576945
-1273376945
-1273176945
-1272976945
-1272776945
-1272576945
-1272376945
-1272176945
-1271976945
-1271776945
-1271576945
-1271376945
-1271176945
-1270976945
-1270776945
-1270576945
-1270376945
-1270176945
-1269976945
-1269776945
-1269576945
-1269376945
-1269176945
-1268976945
-1268776945
-1268576945
-1268376945
-1268176945
-1267976945
-1267776945
-1267576945
-1267376945
-1267176945
-1266976945
-1266776945
-1266576945
-1266376945
-1266176945
-1265976945
-1265776945
-1265576945
-1265376945
-1265176945
-1264976945
-1264776945
-1264576945
-1264376945
-1264176945
-1263976945
-1263776945
-1263576945
-1263376945
-1263176945
-1262976945
-1262776945
-1262576945
-1262376945
-1262176945
-1261976945
-1261776945
-1261576945
-1261376945
-1261176945
-1260976945
-1260776945
-1260576945
-1260376945
-1260176945
-1259976945
-1259776945
-1259576945
-1259376945
-1259176945
-1258976945
-1258776945
-1258576945
-1258376945
-1258176945
-1257976945
-1257776945
-1257576945
-1257376945
-1257176945
-1256976945
-1256776945
-1256576945
-1256376945
-1256176945
-1255976945
-1255776945
-1255576945
-1255376945
-1255176945
-1254976945
-1254776945
-1254576945
-1254376945
-1254176945
-1253976945
-1253776945
-1253576945
-1253376945
-1253176945
-1252976945
-1252776945
-1252576945
-1252376945
-1252176945
-1251976945
-1251776945
-1251576945
-1251376945
-1251176945
-1250976945
-1250776945
-1250576945
-1250376945
-1250176945
-1249976945
-1249776945
-1249576945
-1249376945
-1249176945
-1248976945
-1248776945
-1248576945
-1248376945
-1248176945
-1247976945
-1247776945
-1247576945
-1247376945
-1247176945
-1246976945
-1246776945
-1246576945
-1246376945
-1246176945
-1245976945
-1245776945
-1245576945
-1245376945
-1245176945
-1244976945
-1244776945
-1244576945
-1244376945
-1244176945
-1243976945
-1243776945
-1243576945
-1243376945
-1243176945
-1242976945
-1242776945
-1242576945
-1242376945
-1242176945
-1241976945
-1241776945
-1241576945
-1241376945
-1241176945
-1240976945
-1240776945
-1240576945
-1240376945
-1240176945
-1239976945
-1239776945
-1239573945
-1239376945
-1239176945
-1238976945
-1238776945
-1238576945
-1238376945
-1238176945
-1237976945
-1237776945
-1237576945
-1237376945
-1237176945
-1236976945
-1236776945
-1236576945
-1236376945
-1236176945
-1235976945
-1235776945
-1235576945
-1235376945
-1235176945
-1234976945
-1234776945
-1234576945
-1234376945
-1234176945
-1233976945
-1233776945
-1233576945
-1233376945
-1233176945
-1232976945
-1232776945
-1232576945
-1232376945
-1232176945
-1231976945
-1231776945
-1231576945
-1231376945
-1231176945
-1230976945
-1230776945
-1230576945
-1230376945
-1230176945
-1229976945
-1229776945
-1229576945
-1229376945
-1229176945
-1228976945
-1228776945
-1228576945
-1228376945
-1228174945
-1227976945
-1227776945
-1227576945
-1227376945
-1227176945
-1226976945
-1226776945
-1226576945
-1226376945
-1226176945
-1225976945
-1225776945
-1225576945
-1225376945
-1225176945
-1224976945
-1224776945
-1224576945
-1224376945
-1224176945
-1223976945
-1223776945
-1223576945
-1223376945
-1223176945
-1222976945
-1222775945
-1222576945
-1222376945
-1222176945
-1221976945
-1221776945
-1221576945
-1221376945
-1221176945
-1220976945
-1220776945
-1220576945
-1220376945
-1220176945
-1219976945
-1219776945
-1219576945
-1219376945
-1219176945
-1218976945
-1218776945
-1218576945
-1218376945
-1218176945
-1217976945
-1217776945
-1217576945
-1217376945
-1217176945
-1216976945
-1216776945
-1216576945
-1216376945
-1216176945
-1215976945
-1215776945
-1215576945
-1215376945
-1215176945
-1214976945
-1214776945
-1214576945
-1214376945
-1214176945
-1213976945
-1213776945
-1213576945
-1213376945
-1213176945
-1212976945
-1212776945
-1212576945
-1212376945
-1212176945
-1211976945
-1211776945
-1211576945
-1211376945
-1211176945
-1210976945
-1210776945
-1210576945
-1210376945
-1210176945
