9392982468691
9392982526451
9392982565971
9392982596371
9392982626771
9392982657171
9392982687571
9392982721011
9392982752931
9392982786371
9392982818291
9392982848691
9392982879091
9392982909491
9392982941411
9392982973331
9392983006771
9392983037172
9392983067572
9392983097972
9392983128372
9392983160292
9392983193732
9392983225652
9392983256052
9392983286452
9392983319892
9392983351812
9392983383732
9392983414132
9392983446052
9392983477972
9392983509892
9392983546372
9392983578292
9392983608692
9392983639093
9392983671013
9392983701413
9392983731813
9392983765253
9392983797173
9392983827573
9392983857973
9392983889893
9392983921813
9392983952213
9392983984133
9392984014533
9392984044933
9392984075333
9392984105733
9392984137653
9392984169573
9392984201493
9392984233414
9392984265334
9392984297254
9392984329174
9392984359574
9392984391494
9392984421894
9392984453814
9392984484214
9392984514614
9392984551094
9392984583014
9392984614934
9392984643814
9392984677254
9392984707654
9392984739574
9392984769974
9392984801894
9392984833815
9392984865735
9392984896135
9392984929575
9392984959975
9392984990375
9392985023815
9392985055735
9392985086135
9392985118055
9392985148455
9392985178855
9392985210775
9392985242695
9392985274615
9392985306535
9392985339975
9392985371895
9392985403815
9392985435736
9392985467656
9392985499576
9392985529976
9392985566456
9392985599896
9392985630296
9392985660696
9392985692616
9392985724536
9392985756456
9392985788376
9392985820296
9392985850696
9392985881096
9392985914536
9392985946456
9392985978376
9392986010296
9392986040697
9392986071097
9392986103017
9392986134937
9392986165337
9392986197257
9392986227657
9392986258057
9392986291497
9392986323417
9392986355337
9392986385737
9392986417657
9392986449577
9392986479977
9392986510377
9392986548377
9392986580297
9392986610698
9392986642618
9392986676058
9392986707978
9392986739898
9392986770298
9392986800698
9392986834138
9392986866058
9392986896458
9392986926858
9392986957258
9392986989178
9392987019578
9392987049978
9392987081898
9392987112298
9392987144218
9392987174618
9392987208059
9392987239979
9392987271899
9392987302299
9392987334219
9392987364619
9392987395019
9392987428459
9392987458859
9392987492299
9392987522699
9392987557659
9392987589579
9392987619979
9392987651899
9392987682299
9392987712699
9392987744619
9392987778059
9392987808460
9392987838860
9392987869260
9392987899660
9392987933100
9392987965020
9392987996940
9392988028860
9392988060780
9392988092700
9392988124620
9392988156540
9392988188460
9392988220380
9392988252300
9392988282700
9392988313100
9392988345020
9392988376940
9392988408861
9392988440781
9392988472701
9392988503101
9392988535021
9392988569981
9392988601901
9392988632301
9392988665741
9392988696141
9392988726541
9392988759981
9392988791901
9392988823821
9392988855741
9392988886141
9392988916541
9392988946941
9392988978861
9392989009262
9392989039662
9392989071582
9392989101982
9392989132382
9392989164302
9392989196222
9392989226622
9392989258542
9392989290462
9392989322382
9392989354302
9392989384702
9392989415102
9392989447022
9392989478942
9392989509342
9392989545822
9392989576222
9392989606623
9392989637023
9392989670463
9392989702383
9392989732783
9392989764703
9392989796623
9392989828543
9392989860463
9392989890863
9392989921263
9392989954703
9392989986623
9392990017023
9392990047423
9392990077823
9392990111263
9392990141663
9392990173583
9392990205504
9392990235904
9392990266304
9392990296704
9392990328624
9392990360544
9392990392464
9392990424384
9392990456304
9392990488224
9392990520144
9392990556624
9392990588544
9392990620464
9392990650864
9392990682784
9392990714704
9392990746624
9392990778545
9392990810465
9392990840865
9392990871265
9392990903185
9392990933585
9392990965505
9392990995905
9392991026305
9392991056705
9392991087105
9392991120545
9392991150945
9392991182865
9392991213265
9392991243665
9392991274065
9392991304465
9392991336385
9392991369826
9392991401746
9392991433666
9392991465586
9392991497506
9392991529426
9392991565906
9392991597826
9392991629746
9392991660146
9392991690546
9392991720946
9392991751346
9392991783266
9392991815186
9392991845586
9392991879026
9392991910946
9392991941346
9392991971747
9392992002147
9392992032547
9392992062947
9392992094867
9392992125267
9392992155667
9392992186067
9392992217987
9392992249907
9392992283347
9392992315267
9392992347187
9392992379107
9392992409507
9392992441427
9392992471827
9392992502227
9392992534147
9392992570628
9392992602548
9392992635988
9392992669428
9392992699828
9392992731748
9392992765188
9392992797108
9392992829028
9392992859428
9392992889828
9392992923268
9392992953668
9392992984068
9392993015988
9392993049428
9392993081348
9392993113268
9392993145188
9392993175589
9392993205989
9392993237909
9392993269829
9392993301749
9392993333669
9392993365589
9392993397509
9392993427909
9392993458309
9392993490229
9392993522149
9392993555589
9392993585989
9392993619429
9392993649829
9392993681749
9392993715189
9392993747109
9392993779030
9392993810950
9392993841350
9392993873270
9392993903670
9392993934070
9392993964470
9392993996390
9392994026790
9392994057190
9392994089110
9392994119510
9392994149910
9392994180310
9392994212230
9392994244150
9392994274550
9392994304950
9392994338390
9392994370311
9392994402231
9392994434151
9392994466071
9392994497991
9392994528391
9392994564871
9392994596791
9392994628711
9392994660631
9392994691031
9392994721431
9392994754871
9392994786791
9392994818711
9392994849111
9392994882551
9392994912951
9392994943352
9392994975272
9392995005672
9392995037592
9392995069512
9392995099912
9392995130312
9392995163752
9392995194152
9392995224552
9392995257992
9392995289912
9392995321832
9392995353752
9392995384152
9392995414552
9392995447992
9392995478392
9392995510312
9392995545273
9392995575673
9392995607593
9392995639513
9392995669913
9392995700313
9392995730713
9392995761113
9392995794553
9392995824953
9392995856873
9392995888793
9392995919193
9392995949593
9392995981513
9392996013433
9392996043833
9392996075753
9392996106153
9392996139594
9392996171514
9392996201914
9392996232314
9392996262714
9392996294634
9392996325034
9392996358474
9392996390394
9392996422314
9392996454234
9392996484634
9392996516554
9392996553034
9392996584954
9392996615354
9392996647274
9392996679194
9392996711114
9392996741515
9392996773435
9392996803835
9392996835755
9392996866155
9392996899595
9392996929995
9392996960395
9392996990795
9392997024235
9392997054635
9392997085035
9392997116955
9392997147355
9392997177755
9392997208155
9392997240075
9392997270475
9392997302395
9392997335836
9392997367756
9392997399676
9392997431596
9392997461996
9392997492396
9392997522796
9392997557756
9392997589676
9392997620076
9392997653516
9392997685436
9392997717356
9392997747756
9392997781196
9392997811596
9392997843516
9392997875436
9392997907356
9392997937757
9392997969677
9392998003117
9392998035037
9392998065437
9392998097357
9392998127757
9392998159677
9392998191597
9392998223517
9392998255437

9410449074434
9410449145875
9410449180835
9410449212755
9410449246195
9410449276595
9410449311555
9410449343475
9410449375395
9410449407315
9410449440755
9410449471155
9410449504595
9410449536515
9410449568435
9410449600355
9410449633795
9410449665715
9410449696115
9410449726516
9410449756916
9410449787316
9410449820756
9410449852676
9410449884596
9410449916516
9410449948436
9410449980356
9410450012276
9410450042676
9410450073076
9410450112596
9410450144516
9410450174916
9410450205316
9410450238756
9410450269156
9410450302597
9410450336037
9410450367957
9410450399877
9410450430277
9410450460677
9410450492597
9410450526037
9410450556437
9410450589877
9410450621797
9410450653717
9410450685637
9410450717557
9410450749477
9410450779877
9410450813317
9410450843717
9410450874117
9410450906038
9410450936438
9410450969878
9410451000278
9410451032198
9410451064118
9410451099078
9410451132518
9410451165958
9410451197878
9410451228278
9410451261718
9410451292118
9410451324038
9410451355958
9410451386358
9410451418278
9410451450198
9410451482118
9410451514039
9410451545959
9410451574839
9410451606759
9410451638679
9410451670599
9410451700999
9410451731399
9410451761799
9410451793719
9410451824119
9410451856039
9410451887959
9410451919879
9410451951799
9410451982199
9410452014119
9410452046039
9410452077959
9410452109880
9410452141800
9410452173720
9410452205640
9410452239080
9410452269480
9410452299880
9410452331800
9410452365240
9410452397160
9410452429080
9410452462520
9410452495960
9410452527880
9410452559800
9410452590200
9410452623640
9410452655560
9410452685961
9410452716361
9410452748281
9410452780201
9410452810601
9410452844041
9410452877481
9410452909401
9410452942841
9410452974761
9410453006681
9410453038601
9410453072041
9410453105481
9410453137401
9410453169321
9410453201241
9410453233161
9410453266601
9410453297002
9410453328922
9410453360842
9410453392762
9410453423162
9410453453562
9410453483962
9410453515882
9410453546282
9410453579722
9410453610122
9410453640522
9410453670922
9410453704362
9410453734762
9410453765162
9410453798602
9410453829002
9410453860922
9410453891323
9410453921723
9410453955163
9410453987083
9410454019003
9410454050923
9410454084363
9410454120843
9410454152763
9410454184683
9410454216603
9410454247003
9410454280443
9410454312363
9410454344283
9410454374683
9410454408123
9410454440043
9410454471964
9410454503884
9410454535804
9410454566204
9410454598124
9410454630044
9410454660444
9410454692364
9410454724284
9410454754684
9410454788124
9410454820044
9410454851964
9410454885404
9410454917324
9410454949244
9410454979644
9410455013084
9410455045004
9410455076925
9410455111885
9410455143805
9410455174205
9410455207645
9410455239565
9410455269965
9410455301885
9410455332285
9410455362685
9410455394605
9410455426525
9410455458445
9410455490365
9410455522285
9410455554205
9410455584605
9410455615005
9410455646925
9410455677326
9410455709246
9410455741166
9410455774606
9410455805006
9410455838446
9410455870366
9410455900766
9410455931166
9410455961566
9410455995006
9410456026926
9410456058846
9410456093806
9410456124206
9410456157646
9410456189566
9410456219966
9410456253407
9410456285327
9410456317247
9410456349167
9410456379567
9410456413007
9410456444927
9410456476847
9410456507247
9410456537647
9410456568047
9410456599967
9410456631887
9410456663807
9410456694207
9410456726127
9410456758047
9410456789967
9410456820367
9410456852288
9410456882688
9410456913088
9410456945008
9410456975408
9410457007328
9410457037728
9410457071168
9410457103088
9410457133488
9410457166928
9410457197328
9410457227728
9410457259648
9410457290048
9410457320448
9410457353888
9410457384288
9410457416208
9410457448129
9410457480049
9410457510449
9410457542369
9410457574289
9410457604689
9410457636609
9410457668529
9410457701969
9410457733889
9410457765809
9410457797729
9410457829649
9410457863089
9410457893489
9410457923889
9410457957329
9410457987729
9410458019649
9410458053090
9410458085010
9410458119970
9410458151890
9410458182290
9410458212690
9410458246130
9410458278050
9410458309970
9410458341890
9410458375330
9410458407250
9410458440690
9410458472610
9410458504530
9410458537970
9410458569890
9410458601810
9410458632211
9410458665651
9410458697571
9410458731011
9410458762931
9410458793331
9410458826771
9410458858691
9410458890611
9410458922531
9410458954451
9410458986371
9410459018291
9410459048691
9410459080611
9410459117091
9410459149011
9410459180931
9410459214371
9410459244772
9410459278212
9410459310132
9410459342052
9410459373972
9410459405892
9410459437812
9410459469732
9410459503172
9410459535092
9410459565492
9410459598932
9410459630852
9410459664292
9410459696212
9410459729652
9410459763092
9410459796532
9410459829973
9410459861893
9410459893813
9410459925733
9410459959173
9410459992613
9410460026053
9410460057973
9410460099013
9410460132453
9410460165893
9410460197813
9410460229733
9410460260133
9410460293573
9410460325493
9410460357413
9410460387813
9410460419734
9410460453174
9410460485094
9410460517014
9410460547414
9410460579334
9410460611254
9410460641654
9410460673574
9410460705494
9410460737414
9410460769334
9410460799734
9410460830134
9410460860534
9410460892454
9410460922854
9410460954774
9410460985174
9410461015575
9410461047495
9410461077895
9410461109815
9410461141735
9410461175175
9410461207095
9410461237495
9410461269415
9410461301335
9410461331735
9410461363655
9410461394055
9410461427495
9410461462455
9410461495895
9410461526295
9410461558215
9410461590135
9410461622056
9410461653976
9410461685896
9410461719336
9410461751256
9410461781656
9410461813576
9410461847016
9410461877416
9410461912376
9410461945816
9410461976216
9410462011176
9410462043096
9410462075016
9410462114536
9410462146456
9410462179896
9410462210297
9410462242217
9410462274137
9410462304537
9410462336457
9410462368377
9410462401817
9410462433737
9410462465657
9410462496057
9410462529497
9410462561417
9410462594857
9410462628297
9410462664777
9410462698217
9410462733177
9410462766617
9410462797017
9410462827418
9410462860858
9410462892778
9410462923178
9410462955098
9410462987018
9410463020458
9410463050858
9410463081258
9410463119258
9410463149658
9410463181578
9410463215018
9410463246938
9410463278858
9410463312298
9410463341178
9410463374618
9410463408059
9410463438459
9410463470379
9410463503819
9410463538779
9410463570699
9410463601099
9410463636059
9410463669499
9410463702939
9410463734859
9410463768299
9410463800219
9410463832139
9410463865579
9410463897499
9410463927899
9410463959819
9410463991740
9410464023660
9410464055580
9410464087500
9410464128540
9410464158940
9410464189340
9410464221260
9410464253180
9410464282060
9410464310940
9410464341340
9410464374780
9410464406700
9410464438620
9410464470540
9410464505500
9410464537420
9410464569340
9410464602781
9410464634701
9410464665101
9410464697021
9410464728941
9410464762381
9410464794301
9410464826221
9410464856621
9410464890061
9410464923501
9410464955421
9410464988861
9410465020781
9410465054221
9410465086141

9442351151950
9442351206670
9442351243150
9442351272030
9442351308510
9442351355630
9442351405790
9442351455950
9442351506111
9442351556271
9442351606431
9442351658111
9442351706751
9442351758431
9442351805551
9442351855711
9442351907391
9442351956031
9442352006191
9442352056351
9442352106512
9442352156672
9442352206832
9442352256992
9442352305632
9442352355792
9442352407472
9442352456112
9442352506272
9442352556432
9442352606592
9442352656752
9442352706913
9442352755553
9442352805713
9442352855873
9442352906033
9442352956193
9442353006353
9442353056513
9442353106673
9442353156833
9442353206993
9442353255633
9442353305794
9442353355954
9442353406114
9442353456274
9442353506434
9442353556594
9442353606754
9442353656914
9442353705554
9442353755714
9442353805874
9442353856034
9442353906195
9442353956355
9442354006515
9442354056675
9442354106835
9442354156995
9442354205635
9442354255795
9442354305955
9442354356115
9442354406275
9442354456435
9442354506596
9442354556756
9442354606916
9442354655556
9442354705716
9442354755876
9442354806036
9442354856196
9442354906356
9442354956516
9442355006676
9442355056836
9442355106997
9442355155637
9442355205797
9442355255957
9442355306117
9442355356277
9442355406437
9442355456597
9442355506757
9442355556917
9442355605557
9442355655718
9442355705878
9442355756038
9442355806198
9442355856358
9442355906518
9442355956678
9442356006838
9442356056998
9442356105638
9442356155798
9442356205958
9442356256119
9442356306279
9442356356439
9442356406599
9442356456759
9442356506919
9442356555559
9442356605719
9442356655879
9442356706039
9442356756199
9442356806359
9442356856520
9442356906680
9442356956840
9442357007000
9442357055640
9442357105800
9442357155960
9442357206120
9442357256280
9442357306440
9442357356600
9442357406760
9442357456921
9442357505561
9442357555721
9442357605881
9442357656041
9442357706201
9442357756361
9442357806521
9442357856681
9442357906841
9442357957001
9442358005641
9442358055802
9442358105962
9442358156122
9442358206282
9442358256442
9442358306602
9442358356762
9442358406922
9442358455562
9442358505722
9442358555882
9442358606042
9442358656203
9442358706363
9442358756523
9442358806683
9442358856843
9442358907003
9442358955643
9442359005803
9442359055963
9442359106123
9442359156283
9442359206443
9442359256604
9442359306764
9442359356924
9442359405564
9442359455724
9442359505884
9442359556044
9442359606204
9442359656364
9442359706524
9442359756684
9442359806844
9442359857005
9442359905645
9442359955805
9442360005965
9442360056125
9442360106285
9442360156445
9442360206605
9442360256765
9442360306925
9442360355565
9442360405725
9442360455886
9442360506046
9442360556206
9442360606366
9442360656526
9442360706686
9442360756846
9442360807006
9442360855646
9442360905806
9442360955966
9442361006126
9442361056287
9442361106447
9442361156607
9442361206767
9442361256927
9442361305567
9442361355727
9442361405887
9442361456047
9442361506207
9442361556367
9442361606527
9442361656688
9442361706848
9442361757008
9442361805648
9442361855808
9442361905968
9442361956128
9442362006288
9442362056448
9442362106608
9442362156768
9442362206929
9442362255569
9442362305729
9442362357409
9442362406049
9442362456209
9442362506369
9442362556529
9442362606689
9442362658369
9442362708529
9442362755649
9442362805810
9442362857490
9442362906130
9442362956290
9442363006450
9442363058130
9442363106770
9442363158450
9442363205570
9442363255730
9442363305890
9442363356050
9442363406211
9442363456371
9442363508051
9442363558211
9442363606851
9442363657011
9442363705651
9442363755811
9442363805971
9442363856131
9442363907811
9442363957971
9442364006612
9442364056772
9442364106932
9442364155572
9442364207252
9442364257412
9442364306052
9442364357732
9442364407892
9442364458052
9442364506692
9442364556852
9442364607013
9442364655653
9442364707333
9442364757493
9442364806133
9442364857813
9442364906453
9442364956613
9442365006773
9442365058453
9442365105573
9442365157253
9442365205894
9442365256054
9442365306214
9442365357894
9442365406534
9442365456694
9442365506854
9442365557014
9442365607174
9442365655814
9442365705974
9442365756134
9442365807815
9442365856455
9442365906615
9442365956775
9442366006935
9442366055575
9442366105735
9442366155895
9442366206055
9442366256215
9442366306375
9442366356535
9442366406696
9442366456856
9442366507016
9442366555656
9442366605816
9442366655976
9442366706136
9442366756296
9442366806456
9442366856616
9442366906776
9442366956936
9442367005577
9442367055737
9442367105897
9442367156057
9442367206217
9442367256377
9442367306537
9442367356697
9442367406857
9442367457017
9442367505657
9442367555817
9442367605978
9442367656138
9442367706298
9442367756458
9442367806618
9442367856778
9442367906938
9442367955578
9442368005738
9442368055898
9442368106058
9442368156219
9442368206379
9442368256539
9442368306699
9442368356859
9442368407019
9442368455659
9442368505819
9442368555979
9442368606139
9442368656299
9442368707979
9442368756620
9442368806780
9442368858460
9442368905580
9442368955740
9442369005900
9442369056060
9442369106220
9442369156380
9442369206540
9442369256700
9442369306860
9442369357021
9442369407181
9442369455821
9442369505981
9442369557661
9442369606301
9442369657981
9442369708141
9442369756781
9442369806941
9442369857101
9442369905741
9442369955902
9442370006062
9442370056222
9442370106382
9442370158062
9442370206702
9442370256862
9442370308542
9442370355662
9442370405822
9442370455982
9442370506142
9442370556303
9442370607983
9442370656623
9442370708303
9442370756943
9442370807103
9442370857263
9442370907423
9442370956063
9442371007743
9442371057903
9442371108063
9442371156704
9442371206864
9442371258544
9442371305664
9442371355824
9442371405984
9442371457664
9442371506304
9442371557984
9442371606624
9442371656784
9442371706944
9442371755585
9442371807265
9442371855905
9442371906065
9442371956225
9442372006385
9442372056545
9442372108225
9442372156865
9442372207025
9442372255665
9442372305825
9442372357506
9442372406146
9442372456306
9442372506466
9442372556626
9442372606786
9442372656946
9442372705586
9442372755746
9442372805906
9442372856066
9442372906226
9442372957907
9442373006547
9442373056707
9442373106867
9442373157027
9442373205667
9442373255827
9442373305987
9442373356147
9442373406307
9442373456467
9442373506627
9442373556788
9442373606948
9442373655588
9442373705748
9442373755908
9442373806068
9442373856228
9442373906388
9442373956548
9442374006708
9442374056868
9442374107028
9442374155669
9442374205829
9442374255989
9442374306149
9442374356309
9442374406469
9442374456629
9442374506789
9442374556949
9442374605589
9442374655749
9442374705910
9442374756070
9442374806230
9442374856390
9442374906550
9442374956710
9442375006870
9442375057030
9442375105670
9442375155830
9442375205990
9442375256150
9442375306311
9442375356471
9442375406631
9442375456791
9442375506951
9442375555591
9442375605751
9442375655911
9442375706071
9442375756231
9442375806391
9442375856551
9442375906712
9442375956872
9442376007032
9442376055672

9492784951639
9492785010919
9492785112759
9492785210039
9492785310359
9492785410679
9492785511000
9492785609800
9492785710120
9492785810440
9492785910760
9492786011080
9492786109881
9492786210201
9492786310521
9492786410841
9492786511161
9492786609962
9492786710282
9492786810602
9492786910922
9492787011242
9492787110042
9492787210363
9492787310683
9492787411003
9492787509803
9492787610123
9492787710443
9492787810764
9492787911084
9492788009884
9492788110204
9492788210524
9492788310844
9492788411165
9492788509965
9492788610285
9492788710605
9492788810925
9492788911245
9492789010046
9492789110366
9492789210686
9492789311006
9492789409806
9492789510126
9492789610447
9492789710767
9492789811087
9492789909887
9492790010207
9492790110527
9492790210848
9492790311168
9492790409968
9492790510288
9492790610608
9492790710928
9492790811249
9492790910049
9492791010369
9492791110689
9492791211009
9492791309809
9492791410130
9492791510450
9492791610770
9492791711090
9492791809890
9492791910210
9492792010531
9492792110851
9492792211171
9492792309971
9492792410291
9492792510611
9492792610932
9492792711252
9492792810052
9492792910372
9492793010692
9492793111012
9492793209813
9492793310133
9492793410453
9492793510773
9492793611093
9492793709893
9492793810214
9492793910534
9492794010854
9492794111174
9492794209974
9492794310294
9492794410615
9492794510935
9492794611255
9492794710055
9492794810375
9492794910695
9492795011016
9492795109816
9492795210136
9492795310456
9492795410776
9492795511096
9492795609897
9492795710217
9492795810537
9492795910857
9492796011177
9492796111497
9492796211818
9492796312138
9492796412458
9492796512778
9492796611578
9492796711898
9492796812219
9492796912539
9492797011339
9492797111659
9492797211979
9492797312299
9492797412620
9492797511420
9492797610220
9492797710540
9492797810860
9492797911180
9492798009981
9492798110301
9492798210621
9492798310941
9492798411261
9492798510061
9492798610382
9492798710702
9492798811022
9492798911342
9492799010142
9492799111983
9492799212303
9492799312623
9492799411423
9492799511743
9492799612063
9492799712384
9492799812704
9492799911504
9492800011824
9492800112144
9492800210944
9492800312785
9492800411585
9492800511905
9492800612225
9492800712545
9492800811345
9492800911666
9492801011986
9492801112306
9492801212626
9492801311426
9492801411746
9492801512067
9492801612387
9492801712707
9492801811507
9492801911827
9492802012147
9492802112468
9492802212788
9492802311588
9492802411908
9492802512228
9492802612548
9492802711349
9492802811669
9492802911989
9492803012309
9492803112629
9492803212949
9492803311750
9492803412070
9492803513910
9492803614230
9492803711510
9492803811830
9492803910631
9492804010951
9492804111271
9492804210071
9492804310391
9492804410711
9492804511032
9492804609832
9492804710152
9492804810472
9492804910792
9492805011112
9492805109913
9492805210233
9492805310553
9492805410873
9492805511193
9492805609993
9492805710314
9492805810634
9492805910954
9492806011274
9492806110074
9492806210394
9492806310715
9492806411035
9492806509835
9492806610155
9492806710475
9492806810795
9492806911116
9492807009916
9492807110236
9492807210556
9492807310876
9492807411196
9492807509997
9492807610317
9492807710637
9492807810957
9492807911277
9492808010077
9492808110398
9492808210718
9492808311038
9492808409838
9492808510158
9492808610478
9492808710799
9492808811119
9492808909919
9492809010239
9492809110559
9492809210879
9492809311200
9492809410000
9492809510320
9492809610640
9492809710960
9492809811280
9492809910081
9492810010401
9492810110721
9492810211041
9492810309841
9492810410161
9492810510482
9492810610802
9492810711122
9492810809922
9492810910242
9492811010562
9492811110883
9492811211203
9492811310003
9492811410323
9492811510643
9492811610964
9492811711284
9492811810084
9492811910404
9492812010724
9492812112564
9492812211365
9492812311685
9492812412005
9492812510805
9492812611125
9492812709925
9492812810246
9492812912086
9492813012406
9492813112726
9492813211526
9492813311846
9492813412167
9492813512487
9492813612807
9492813711607
9492813811927
9492813912247
9492814012568
9492814111368
9492814211688
9492814312008
9492814412328
9492814512648
9492814611449
9492814711769
9492814812089
9492814910889
9492815011209
9492815111529
9492815210330
9492815312170
9492815412490
9492815512810
9492815611610
9492815711930
9492815812251
9492815912571
9492816011371
9492816111691
9492816212011
9492816310811
9492816412652
9492816511452
9492816611772
9492816712092
9492816812412
9492816912732
9492817011533
9492817111853
9492817212173
9492817312493
9492817411293
9492817511613
9492817611934
9492817712254
9492817811054
9492817911374
9492818011694
9492818112014
9492818212335
9492818312655
9492818409935
9492818511775
9492818612095
9492818712415
9492818812736
9492818911536
9492819011856
9492819112176
9492819212496
9492819311296
9492819410097
9492819511937
9492819612257
9492819712577
9492819811377
9492819911697
9492820012018
9492820112338
9492820211138
9492820311458
9492820411778
9492820512098
9492820612419
9492820712739
9492820811539
9492820911859
9492821012179
9492821110979
9492821212820
9492821311620
9492821411940
9492821512260
9492821612580
9492821711380
9492821810181
9492821912021
9492822012341
9492822112661
9492822211461
9492822311781
9492822410582
9492822512422
9492822612742
9492822710022
9492822811862
9492822912182
9492823012503
9492823112823
9492823211623
9492823311943
9492823412263
9492823512584
9492823611384
9492823711704
9492823812024
9492823912344
9492824012664
9492824111465
9492824211785
9492824312105
9492824412425
9492824512745
9492824611545
9492824711866
9492824812186
9492824912506
9492825012826
9492825111626
9492825211946
9492825312267
9492825412587
9492825511387
9492825611707
9492825712027
9492825812347
9492825912668
9492826011468
9492826111788
9492826212108
9492826312428
9492826412748
9492826511549
9492826611869
9492826712189
9492826812509
9492826912829
9492827011629
9492827111950
9492827212270
9492827312590
9492827411390
9492827511710
9492827612030
9492827712351
9492827812671
9492827911471
9492828011791
9492828112111
9492828212431
9492828312752
9492828411552
9492828511872
9492828612192
9492828712512
9492828812832
9492828911633
9492829011953
9492829112273
9492829214113
9492829311393
9492829411713
9492829512034
9492829612354
9492829712674
9492829811474
9492829911794
9492830012114
9492830112435
9492830212755
9492830311555
9492830411875
9492830512195
9492830612515
9492830712836
9492830811636
9492830911956
9492831012276
9492831112596
9492831211396
9492831311717
9492831412037
9492831512357
9492831612677
9492831711477
9492831811797
9492831912118
9492832012438
9492832112758
9492832211558
9492832311878
9492832412198
9492832512519
9492832612839
9492832711639
9492832811959
9492832912279
9492833012599
9492833111400
9492833211720
9492833312040
9492833412360
9492833512680
9492833611480
9492833711801
9492833812121
9492833912441
9492834012761
9492834111561
9492834211881
9492834312202
9492834412522
9492834512842
9492834611642
9492834711962
9492834812282
9510405434681
9510405559321
9510405758442
9510405959082
9510406158202
9510406358843
9510406557963
9510406758603
9510406959244
9510407158364
9510407359004
9510407558125
9510407758765
9510407957885
9510408158526
9510408359166
9510408558286
9510408758927
9510408958047
9510409158687
9510409359328
9510409558448
9510409759088
9510409958209
9510410158849
9510410357969
9510410558610
9510410759250
9510410958370
9510411159011
9510411358131
9510411558771
9510411757892
9510411958532
9510412159172
9510412358293
9510412558933
9510412758053
9510412958694
9510413159334
9510413358454
9510413559095
9510413758215
9510413958855
9510414157976
9510414358616
9510414559256
9510414758377
9510414959017
9510415158137
9510415358778
9510415557898
9510415758538
9510415959179
9510416158299
9510416358939
9510416558060
9510416758700
9510416959340
9510417158461
9510417359101
9510417558221
9510417758862
9510417957982
9510418158623
9510418359263
9510418558383
9510418759024
9510418958144
9510419158784
9510419357905
9510419558545
9510419759185
9510419958306
9510420158946
9510420358066
9510420558707
9510420759347
9510420958467
9510421159108
9510421358228
9510421558868
9510421757989
9510421958629
9510422159269
9510422358390
9510422559030
9510422758150
9510422958791
9510423157911
9510423358551
9510423559192
9510423758312
9510423958952
9510424158073
9510424358713
9510424559353
9510424758474
9510424959114
9510425158234
9510425358875
9510425557995
9510425758635
9510425959276
9510426158396
9510426359036
9510426558157
9510426758797
9510426957917
9510427158558
9510427359198
9510427558318
9510427758959
9510427958079
9510428158719
9510428359360
9510428558480
9510428759120
9510428958241
9510429158881
9510429358001
9510429558642
9510429759282
9510429958402
9510430159043
9510430358163
9510430558803
9510430757924
9510430958564
9510431159204
9510431358325
9510431558965
9510431758085
9510431958726
9510432159366
9510432358486
9510432559127
9510432758247
9510432958887
9510433158008
9510433358648
9510433559288
9510433758409
9510433959049
9510434158169
9510434358810
9510434557930
9510434758570
9510434959211
9510435158331
9510435358971
9510435558092
9510435758732
9510435959372
9510436158493
9510436359133
9510436558253
9510436758894
9510436958014
9510437158654
9510437359295
9510437558415
9510437759055
9510437958176
9510438158816
9510438359456
9510438558577
9510438759217
9510438958337
9510439158978
9510439358098
9510439558738
9510439759379
9510439958499
9510440159139
9510440358260
9510440558900
9510440758020
9510440958661
9510441159301
9510441358421
9510441559062
9510441758182
9510441958822
9510442157943
9510442358583
9510442559223
9510442758344
9510442958984
9510443158105
9510443358745
9510443559385
9510443758506
9510443959146
9510444158266
9510444358907
9510444558027
9510444758667
9510444959308
9510445158428
9510445359068
9510445558189
9510445758829
9510445957949
9510446158590
9510446359230
9510446558350
9510446758991
9510446958111
9510447158751
9510447359392
9510447558512
9510447759152
9510447958273
9510448158913
9510448359553
9510448558674
9510448759314
9510448958434
9510449159075
9510449358195
9510449558835
9510449757956
9510449958596
9510450159236
9510450358357
9510450558997
9510450758117
9510450958758
9510451159398
9510451360038
9510451559159
9510451758279
9510451958919
9510452158040
9510452358680
9510452559320
9510452758441
9510452959081
9510453158201
9510453358842
9510453557962
9510453758602
9510453959243
9510454158363
9510454359003
9510454558124
9510454758764
9510454959404
9510455158525
9510455359165
9510455558285
9510455758926
9510455958046
9510456158686
9510456359327
9510456558447
9510456759087
9510456958208
9510457158848
9510457357968
9510457558609
9510457759249
9510457958369
9510458159010
9510458358130
9510458558770
9510458759411
9510458958531
9510459159171
9510459358292
9510459558932
9510459758052
9510459958693
9510460159333
9510460358453
9510460559094
9510460758214
9510460958854
9510461157975
9510461358615
9510461559255
9510461758376
9510461959016
9510462158136
9510462358777
9510462559417
9510462758537
9510462959178
9510463158298
9510463358938
9510463558059
9510463758699
9510463959339
9510464158460
9510464359100
9510464558220
9510464758861
9510464957981
9510465158621
9510465359262
9510465558382
9510465759022
9510465958143
9510466158783
9510466359423
9510466558544
9510466759184
9510466958304
9510467158945
9510467358065
9510467558705
9510467759346
9510467958466
9510468159107
9510468358227
9510468558867
9510468757988
9510468958628
9510469159268
9510469358389
9510469559029
9510469758149
9510469958790
9510470159430
9510470358550
9510470559191
9510470758311
9510470958951
9510471158072
9510471358712
9510471559352
9510471758473
9510471959113
9510472158233
9510472358874
9510472557994
9510472758634
9510472959275
9510473158395
9510473359035
9510473558156
9510473758796
9510473959436
9510474158557
9510474359197
9510474558317
9510474758958
9510474958078
9510475158718
9510475359359
9510475558479
9510475759119
9510475958240
9510476158880
9510476358000
9510476558641
9510476759281
9510476958401
9510477159042
9510477358162
9510477558802
9510477759443
9510477958563
9510478159203
9510478358324
9510478558964
9510478758084
9510478958725
9510479159365
9510479358485
9510479559126
9510479758246
9510479958886
9510480158007
9510480358647
9510480559287
9510480758408
9510480959048
9510481158168
9510481358809
9510481559449
9510481758569
9510481959210
9510482158330
9510482358970
9510482558091
9510482758731
9510482959371
9510483158492
9510483359132
9510483558252
9510483758893
9510483958013
9510484158653
9510484359294
9510484558414
9510484759054
9510484958175
9510485158815
9510485359455
9510485558576
9510485759216
9510485958336
9510486158977
9510486358097
9510486558737
9510486759378
9510486958498
9510487159138
9510487358259
9510487558899
9510487758019
9510487958660
9510488159300
9510488358420
9510488559061
9510488758181
9510488958821
9510489159462
9510489358582
9510489559222
9510489758343
9510489958983
9510490158103
9510490358744
9510490559384
9510490758504
9510490959145
9510491158265
9510491358905
9510491558026
9510491758666
9510491959306
9510492158427
9510492359067
9510492558187
9510492758828
9510492959468
9510493158589
9510493359229
9510493558349
9510493758990
9510493958110
9510494158750
9510494359391
9510494558511
9510494759151
9510494958272
9510495158912
9510495358032
9510495558673
9510495759313
9510495958433
9510496159074
9510496358194
9510496558834
9510496759475
9510496958595
9510497159235
9510497358356
9510497558996
9510497758116
9510497958757
9510498159397
9510498358517
9510498559158
9510498758278
9510498958918
9510499158039
9510499358679
9510499559319
9510499758440
9510499959080
9510500158200
9510500358841
9510500559481
9510500758601
9510500959242
9510501158362
9510501359002
9510501558123
9510501758763
9510501959403
9510502158524
9510502359164
9510502558284
9510502758925
9510502958045
9510503158685
9510503359326
9510503558446
9510503759086
9510503958207
9510504158847
9510504359487
9510504558608
9510504759248
9510504958368
9510505159009
